4
linear   essential      -0.250000   0.750000
linear   non-essential   0.000000   1.000000
linear   essential       0.000000   1.000000
linear   essential       0.000000   1.000000

a 1
significant   elliptical     1
	  0.234375  0.312500  0.164063  0.148438
	  0.000400  0.000400  0.000400  0.000400

b 1
significant   elliptical     1
	  0.335938  0.341406  0.234375  0.121094
	  0.000400  0.000400  0.000400  0.000400

c 1
significant   elliptical     1
	  0.253906  0.225391  0.160156  0.128906
	  0.000400  0.000400  0.000400  0.000400

d 1
significant   elliptical     1
	  0.308594  0.392578  0.230469  0.171875
	  0.000400  0.000400  0.000400  0.000400

e 1
significant   elliptical     1
	  0.257813  0.264844  0.148438  0.113281
	  0.000400  0.000400  0.000400  0.000400

f 1
significant   elliptical     1
	  0.199219  0.405859  0.355469  0.191406
	  0.000400  0.000400  0.000400  0.000400

g 1
significant   elliptical     1
	  0.156250  0.363281  0.242188  0.125000
	  0.000400  0.000400  0.000400  0.000400

h 1
significant   elliptical     1
	  0.332031  0.376563  0.222656  0.144531
	  0.000400  0.000400  0.000400  0.000400

i 1
significant   elliptical     1
	  0.324219  0.194141  0.218750  0.074219
	  0.000400  0.000400  0.000400  0.000400

j 1
significant   elliptical     1
	  0.175781  0.253516  0.304688  0.140625
	  0.000400  0.000400  0.000400  0.000400

k 1
significant   elliptical     1
	  0.332031  0.358984  0.230469  0.125000
	  0.000400  0.000400  0.000400  0.000400

l 1
significant   elliptical     1
	  0.375000  0.208594  0.257813  0.074219
	  0.000400  0.000400  0.000400  0.000400

m 1
significant   elliptical     1
	  0.261719  0.451172  0.164063  0.218750
	  0.000400  0.000400  0.000400  0.000400

n 1
significant   elliptical     1
	  0.261719  0.321875  0.160156  0.156250
	  0.000400  0.000400  0.000400  0.000400

o 1
significant   elliptical     1
	  0.250000  0.276172  0.160156  0.148438
	  0.000400  0.000400  0.000400  0.000400

p 1
significant   elliptical     1
	  0.160156  0.372266  0.238281  0.160156
	  0.000400  0.000400  0.000400  0.000400

q 1
significant   elliptical     1
	  0.167969  0.360156  0.222656  0.136719
	  0.000400  0.000400  0.000400  0.000400

r 1
significant   elliptical     1
	  0.312500  0.212891  0.156250  0.121094
	  0.000400  0.000400  0.000400  0.000400

s 1
significant   elliptical     1
	  0.242188  0.245312  0.171875  0.121094
	  0.000400  0.000400  0.000400  0.000400

t 1
significant   elliptical     1
	  0.300781  0.184375  0.203125  0.074219
	  0.000400  0.000400  0.000400  0.000400

u 1
significant   elliptical     1
	  0.226563  0.321875  0.164063  0.148438
	  0.000400  0.000400  0.000400  0.000400

v 1
significant   elliptical     1
	  0.285156  0.226953  0.144531  0.136719
	  0.000400  0.000400  0.000400  0.000400

w 1
significant   elliptical     1
	  0.281250  0.366016  0.140625  0.183594
	  0.000400  0.000400  0.000400  0.000400

x 1
significant   elliptical     1
	  0.242188  0.295703  0.167969  0.152344
	  0.000400  0.000400  0.000400  0.000400

y 1
significant   elliptical     1
	  0.160156  0.300781  0.230469  0.160156
	  0.000400  0.000400  0.000400  0.000400

z 1
significant   elliptical     1
	  0.242188  0.253906  0.171875  0.121094
	  0.000400  0.000400  0.000400  0.000400
