4
linear   essential      -0.250000   0.750000
linear   non-essential   0.000000   1.000000
linear   essential       0.000000   1.000000
linear   essential       0.000000   1.000000

a 1
significant   elliptical     1
	  0.234375  0.298438  0.167969  0.140625
	  0.000400  0.000400  0.000400  0.000400

b 1
significant   elliptical     1
	  0.316406  0.340234  0.218750  0.128906
	  0.000400  0.000400  0.000400  0.000400

c 1
significant   elliptical     1
	  0.253906  0.216797  0.164063  0.117188
	  0.000400  0.000400  0.000400  0.000400

d 1
significant   elliptical     1
	  0.300781  0.353125  0.218750  0.152344
	  0.000400  0.000400  0.000400  0.000400

e 1
significant   elliptical     1
	  0.253906  0.269531  0.152344  0.113281
	  0.000400  0.000400  0.000400  0.000400

f 1
significant   elliptical     1
	  0.218750  0.356250  0.335938  0.144531
	  0.000400  0.000400  0.000400  0.000400

g 1
significant   elliptical     1
	  0.160156  0.362500  0.230469  0.128906
	  0.000400  0.000400  0.000400  0.000400

h 1
significant   elliptical     1
	  0.324219  0.330078  0.218750  0.140625
	  0.000400  0.000400  0.000400  0.000400

i 1
significant   elliptical     1
	  0.332031  0.177734  0.234375  0.066406
	  0.000400  0.000400  0.000400  0.000400

j 1
significant   elliptical     1
	  0.207031  0.229687  0.304688  0.097656
	  0.000400  0.000400  0.000400  0.000400

k 1
significant   elliptical     1
	  0.332031  0.322656  0.214844  0.140625
	  0.000400  0.000400  0.000400  0.000400

l 1
significant   elliptical     1
	  0.359375  0.186719  0.250000  0.058594
	  0.000400  0.000400  0.000400  0.000400

m 1
significant   elliptical     1
	  0.261719  0.421094  0.167969  0.230469
	  0.000400  0.000400  0.000400  0.000400

n 1
significant   elliptical     1
	  0.257813  0.278516  0.167969  0.140625
	  0.000400  0.000400  0.000400  0.000400

o 1
significant   elliptical     1
	  0.250000  0.266797  0.164063  0.125000
	  0.000400  0.000400  0.000400  0.000400

p 1
significant   elliptical     1
	  0.187500  0.352734  0.230469  0.140625
	  0.000400  0.000400  0.000400  0.000400

q 1
significant   elliptical     1
	  0.171875  0.344531  0.222656  0.121094
	  0.000400  0.000400  0.000400  0.000400

r 1
significant   elliptical     1
	  0.316406  0.183594  0.164063  0.117188
	  0.000400  0.000400  0.000400  0.000400

s 1
significant   elliptical     1
	  0.238281  0.230859  0.167969  0.101563
	  0.000400  0.000400  0.000400  0.000400

t 1
significant   elliptical     1
	  0.289063  0.201562  0.195313  0.085938
	  0.000400  0.000400  0.000400  0.000400

u 1
significant   elliptical     1
	  0.234375  0.286328  0.171875  0.136719
	  0.000400  0.000400  0.000400  0.000400

v 1
significant   elliptical     1
	  0.289063  0.225781  0.148438  0.140625
	  0.000400  0.000400  0.000400  0.000400

w 1
significant   elliptical     1
	  0.265625  0.395312  0.148438  0.210938
	  0.000400  0.000400  0.000400  0.000400

x 1
significant   elliptical     1
	  0.250000  0.263281  0.171875  0.125000
	  0.000400  0.000400  0.000400  0.000400

y 1
significant   elliptical     1
	  0.164063  0.312500  0.234375  0.160156
	  0.000400  0.000400  0.000400  0.000400

z 1
significant   elliptical     1
	  0.242188  0.285937  0.187500  0.121094
	  0.000400  0.000400  0.000400  0.000400
