4
linear   essential      -0.250000   0.750000
linear   non-essential   0.000000   1.000000
linear   essential       0.000000   1.000000
linear   essential       0.000000   1.000000

0 1
significant   elliptical     1
	  0.363281  0.341016  0.222656  0.156250
	  0.000400  0.000400  0.000400  0.000400

1 1
significant   elliptical     1
	  0.320313  0.246484  0.250000  0.101563
	  0.000400  0.000400  0.000400  0.000400

2 1
significant   elliptical     1
	  0.343750  0.313281  0.253906  0.125000
	  0.000400  0.000400  0.000400  0.000400

3 1
significant   elliptical     1
	  0.363281  0.332422  0.242188  0.128906
	  0.000400  0.000400  0.000400  0.000400

4 1
significant   elliptical     1
	  0.339844  0.317969  0.199219  0.125000
	  0.000400  0.000400  0.000400  0.000400

5 1
significant   elliptical     1
	  0.371094  0.329297  0.246094  0.128906
	  0.000400  0.000400  0.000400  0.000400

6 1
significant   elliptical     1
	  0.335938  0.351953  0.218750  0.148438
	  0.000400  0.000400  0.000400  0.000400

7 1
significant   elliptical     1
	  0.457031  0.253516  0.242188  0.121094
	  0.000400  0.000400  0.000400  0.000400

8 1
significant   elliptical     1
	  0.367188  0.425781  0.230469  0.152344
	  0.000400  0.000400  0.000400  0.000400

9 1
significant   elliptical     1
	  0.398438  0.341406  0.210938  0.132813
	  0.000400  0.000400  0.000400  0.000400
